0 1 1 0
0 2 2 0
0 q 3 0 
0 w 2 0
0 a 4 0 
0 s 5 0
1 c 3 0
1 z 3 0
1 3 6 1
1 d 7 1
1 e 8 1
1 x 9 1
2 z 1 0
2 3 6 1
2 d 7 1
2 e 8 1
2 x 9 1
3 3 6 1
3 d 7 1
3 e 8 1
3 x 9 1
4 c 3 0
4 z 1 0
4 3 6 1
4 d 7 1
4 e 8 1
4 x 9 1
5 z 3 0
5 3 6 1
5 d 7 1
5 e 8 1
5 x 9 1
6 1 10 2
6 2 11 2
6 z 9 1
6 q 12 2
6 w 13 2
6 a 14 2
6 s 15 2
6 3 16 1
6 d 7 1
7 1 10 2
7 2 11 2
7 q 12 2
7 w 13 2
7 a 14 2
7 s 15 2
8 1 10 2
8 2 11 2
8 z 7 1
8 q 12 2
8 w 13 2
8 a 14 2
8 s 15 2
8 3 9 1
8 d 7 1
8 e 17 1
9 1 10 2
9 2 11 2
9 q 12 2
9 w 13 2
9 a 14 2
9 s 15 2
9 d 7 1
10 1 1 5
10 c 18 2
10 2 2 5
10 z 18 2
10 q 3 5
10 w 2 5
10 a 19 3
10 s 5 5
10 3 6 4
10 d 7 4
10 e 8 4
10 x 9 4
11 1 1 5
11 2 2 5
11 z 20 2
11 q 3 5
11 w 2 5
11 a 21 3
11 s 22 3
11 3 6 4
11 d 7 4
11 e 8 4
11 x 9 4
12 1 23 3
12 2 24 3
12 q 3 5
12 w 25 3
12 a 19 3
12 s 22 3
12 3 6 4 
12 d 7 4
12 e 8 4
12 x 9 4
13 1 1 5
13 2 2 5
13 z 26 2
13 q 3 5
13 w 2 5
13 a 4 5
13 s 5 5
13 3 6 4
13 d 7 4
13 e 8 4
13 x 9 4
14 1 1 5
14 c 18 2
14 2 2 5
14 z 20 2
14 q 3 5
14 w 2 5
14 a 4 5
14 s 5 5
14 3 6 4
14 d 7 4
14 e 8 4
14 x 9 4
15 1 1 5
15 2 2 5
15 z 18 2
15 q 3 5
15 w 2 5
15 a 4 5
15 s 5 5
15 3 6 4
15 d 7 4
15 e 8 4
15 x 9 4
16 1 10 2
16 2 11 2
16 z 9 1
16 q 12 2
16 w 13 2
16 a 14 2
16 s 15 2
16 d 7 1
17 1 10 2
17 2 11 2
17 z 7 1
17 q 12 2
17 w 13 2
17 a 14 2
17 s 15 2
17 3 9 1
17 d 7 1
18 1 1 5
18 2 2 5
18 q 3 5
18 w 2 5
18 a 4 5
18 s 5 5
18 3 6 4
18 d 7 4
18 e 8 4
18 x 9 4
19 1 1 5
19 c 3 6
19 2 2 5
19 z 1 6
19 q 3 5
19 w 2 5
19 a 4 5
19 s 5 5
19 3 6 4
19 d 7 4
19 e 8 4
19 x 9 4
20 1 1 5
20 c 3 6
20 2 2 5
20 z 18 2
20 q 3 5
20 w 2 5
20 a 4 5
20 s 5 5
20 3 6 4
20 d 7 4
20 e 8 4
20 x 9 4
21 c 3 6
21 z 23 3
21 3 6 4
21 d 7 4
21 e 8 4
21 x 9 4
22 z 18 3
22 3 6 4
22 d 7 4
22 e 8 4
22 x 9 4
23 1 1 5
23 c 3 6
23 2 2 5
23 z 3 6
23 q 3 5
23 w 2 5
23 a 4 5
23 s 5 5
23 3 6 4
23 d 7 4
23 e 8 4
23 x 9 4
24 z 27 3
24 3 6 4
24 d 7 4
24 e 8 4
24 x 9 4
25 1 1 5
25 2 2 5
25 z 20 3
25 q 3 5
25 w 2 5
25 a 4 5
25 s 5 5
25 3 6 4
25 d 7 4
25 e 8 4
25 x 9 4
26 1 1 5
26 c 3 6
26 2 2 5
26 z 18 2
26 q 3 5
26 w 2 5
26 a 19 3
26 s 5 5
26 3 6 4
26 d 7 4
26 e 8 4
26 x 9 4
27 c 3 6
27 z 18 3
27 3 6 4
27 d 7 4
27 e 8 4
27 x 9 4